HaeChanKwon 18 180.0 99.0 87.0 93.0
JungHyukShin 18 180.0 90.0 96.0 93.0
ShiHyunLee 18 180.0 89.0 97.0 93.0
JiMinHong 18 170.0 88.0 98.0 93.0
SungHyunLee 18 170.0 87.0 99.0 93.0
TaeJunKim 17 180.0 86.0 100.0 93.0
SangYoonPark 18 180.0 98.0 88.0 93.0
JaeYongShin 18 180.0 100.0 86.0 93.0
JaeDuckShin 18 180.0 97.0 89.0 93.0
SungHoLee 17 180.0 96.0 90.0 93.0
JiHyunJeon 17 170.0 95.0 91.0 93.0
JaeHongKim 18 180.0 94.0 92.0 93.0
TaeJunUm 18 180.0 93.0 93.0 93.0
HoYeonJo 18 180.0 92.0 94.0 93.0
JuUnAn 17 180.0 91.0 95.0 93.0
중간 평균=93.0
기말 평균=93.0
전체 평균=93.0
중간고사 표준편차=0.0
기말고사 표준편차=0.0
표준편차=4.320493798938574
